0.7781765359760889
0.5378708180055137
0.4103682048131294
0.32548539375593344
0.2812642544607562
0.23525896484159972
0.22038245800450276
0.19636195469904308
0.17685333829640293
0.1620626863828705
0.14902556549914123
0.13561263759660588
0.12361838687684479
0.11261875368062164
0.10566564327758848
0.09949365628953517
0.09163171237140944
0.08485951105550359
0.07801156894291526
0.0739713898216398
0.06846459626606345
0.06440399442136036
0.06246760311061528
0.058894747563689454
0.05537511658459543
0.05382573627014625
0.051532868937780446
0.04932731827328616
0.04752684027893825
0.04565318410665812
0.04488928916258298
0.04299694640688743
0.04118317599410117
0.04011460423231091
0.038610502458895773
0.038383493882113366
0.03721014934933952
0.03639426889310212
0.035328390940063494
0.03413297634852868
0.033136788594943574
0.03302693999728144
0.031690867921684525
0.031446362356957344
0.030292771401624285
0.029847897314674913
0.029162100658852854
0.028444681536691996
0.0277552349749353
0.02756005564442113
0.02691029990919085
0.026436635687563718
0.025278934290524108
0.025101398450476792
0.024481423044200507
0.024289951949772456
0.023635983442806787
0.023220631696037473
0.02270163489355533
0.022153235844433513
0.021486869660803137
0.021482209442565403
0.020941862017799562
0.02020550636498677
0.020038995205551583
0.019864516312046786
0.019233821040299942
0.018864964908654788
0.018547072751056413
0.01793422029345827
0.017492497425242795
0.017555223580606204
0.016923820941656478
0.016676881280271175
0.01622980160046227
0.01566705904863148
0.015641780315345837
0.01537394375722334
0.015104484519432866
0.014862748215133205
0.01448213456531533
0.014195973540544492
0.013948874435157013
0.013555969705426925
0.013373600969179928
0.013080144383811656
0.012576511820088199
0.012608310369221989
0.012355184519458724
0.012026058840459581
0.011706152052407845
0.011631040870497246
0.011388203864362761
0.011109432306807969
0.010837803302092922
0.010692385370986846
0.010409726606580075
0.010058729094886983
0.010038581719749497
0.009776049770061279
0.00950608518369405
0.009187679113963768
0.009153258954244488
0.008974289716018281
0.008811410128624832
0.00863789373247941
0.008445927313336826
0.008254826560124814
0.008012439210716774
0.007915311863853433
0.0077299845035136185
0.007560290903944849
0.0073965679715358055
0.007161117376907449
0.007098610395155299
0.0069205525372831875
0.006667651285287765
0.006635771745802173
0.0064696144311686445
0.006343635748833973
0.006084055035071453
0.005973179025679964
0.005942863233342172
0.005748578958278086
0.005665505876721236
0.005560428219076689
0.005438855972330382
0.005242158707328445
0.005178903651974698
0.0051000973189319525
0.004986430661379514
0.00486748958035039
0.0047142634703228265
0.004617879093889623
0.004554819116887765
0.004397531447260979
0.004319146191815097
0.004229357964636623
0.004127919162919811
0.004085155950215311
0.003960192065895744
0.003845965108493606
0.003798070492251244
0.003646074130330456
0.0035828945530940993
0.0035469435230151957
0.003398094023798539
0.0034006962963393276
0.003253686536609743
0.0032407639107807904
0.0031456462492397
0.003041292340054793
0.0029642874149884957
0.0029614356957656553
0.0029019878299732867
0.002828008163806602
0.002730542144523635
0.0026649974346768524
0.0026258186702341653
0.0025629271868669603
0.0025125464191651137
0.0024432031563723544
0.0023936717185530244
0.0023136125859912495
0.002268013598400539
0.0022405673288488376
0.002185998340097819
0.0020977111254783464
0.0020828268547822097
0.002039254281065906
0.0019855068071097915
0.0019334921853132285
0.0018829211301985753
0.0018605629142768208
0.0018102311553150445
0.001768355243867827
0.0017228441481109502
0.0016537330815307903
0.0016586986378686486
0.0015948496406778204
0.0015771312454985174
0.0015310562576054691
0.0014806518686105565
0.0014492317436610254
0.0014417943163143193
0.001400542364718446
0.0013731271782796738
0.0013351514140325222
0.0013063408729537202
0.001273196892621123
0.001245636691879761
0.001224652752862289
0.0011869319072859814
0.0011609218549475588
0.0011331285532086642
0.0011051601994976079
0.0010838306447940624
0.0010631909620578861
0.0010328332526043091
0.0010131443139497537
0.0009926780702068335
